50698
50685
50753
51019
50933
50700
50936
50937
50701
50768
50744
50745
50935
50774
50697
50934
50939
50741
50743
50742
50982
50754
51028
51029
50783
50770
50797
50798
50785
50775
50784
51020
50773
50932
50751
50786
51018
50771
50979
50981
51030
50750
50746
51032
50950
50948
50946
50709
50959
51033
50858
51027
50908
50707
50987
50710
50941
50857
50961
51017
50752
50859
51035
50758
50738
50787
50931
50856
50958
50756
50911
50917
50838
50740
50703
50757
50715
50807
51031
50812
50943
50945
50733
50864
50952
50914
50716
50927
50955
50835
50806
50817
50947
50940
50816
50706
50983
51034
50759
50951
50809
50705
50813
50847
50815
50808
50727
50699
50726
50929
50728
50836
50905
50801
50802
50799
50739
50907
50804
50810
50811
50839
50942
50755
50712
50704
50840
50841
50729
50814
50986
51072
51059
51037
51172
51070
51079
51159
51062
51063
51116
51071
51201
51060
51196
51049
51051
51045
51053
51163
51078
51158
51064
51069
51153
51203
51058
51165
51057
51118
51195
51145
51173
51076
51114
51164
51152
51038
51040
51162
51041
51039
51096
51056
51095
51160
51068
51171
51175
51077
51142
51167
51193
51199
51194
51061
51143
51151
51169
51047
51140
51101
51178
51075
51099
51048
51119
51050
51170
51179
51073
51150
51117
51097
51200
51155
51174
51166
51154
51074
51100
51198
51176
51161
51115
51054
51066
51067
51046
51065
51052
51156
51055
51157
51202
51192
51177
51098
50984
50737
50909
50915
50985
50919
50944
50928
50772
51336
51306
51325
51337
51234
51310
51323
51261
51311
51268
51272
51324
51266
51304
51315
51235
51328
51228
51264
51313
51270
51263
51326
51369
51204
51332
51285
51271
51237
51209
51250
51367
51210
51303
51363
51331
51293
51362
51248
51317
51295
51302
51364
51236
51253
51224
51319
51252
51335
51329
51265
51321
51305
51282
51227
51288
51267
51316
51333
51312
51296
51292
51205
51251
51269
51314
51273
51212
51233
51366
51262
51322
51318
51284
51256
51249
51365
51283
51226
51260
51291
51287
51213
51214
51309
51368
51225
51327
51286
51290
51289
51254
51683
51686
51685
51687
51722
51583
51500
51735
51592
51514
51619
51502
51576
51638
51629
51633
51544
51578
51595
51585
51505
51596
51723
51587
51602
51577
51594
51593
51597
51600
51601
51635
51630
51581
51542
51575
51558
51589
51763
51765
51559
51574
51573
51579
51562
51565
51513
51540
51561
51567
51506
51511
51764
51563
51504
51516
51632
51572
51569
51518
51539
51522
51519
51591
51580
51766
51524
51499
51590
51521
51517
51733
51748
51497
51599
51598
51637
51498
51725
51728
51730
51724
51727
51732
50702
50904
50930
50956
51571
51523
51545
51618
51762
51634
51586
51749
51520
51628
51603
51767
51636
51582
51560
51731
51768
51570
51564
51734
51568
51729
51503
51507
51726
51537
51512
51515
51543
51510
51508
51566
51631
