40859
40860
40861
40893
40884
40902
40907
40911
40931
40943
40951
40992
40993
40995
40997
41002
41006
41007
41008
41041
41044
41048
41069
41073
41079
41080
41085
40895
40896
40933
40945
40948
40986
40987
40988
40994
40996
40999
41003
41005
41046
40856
41070
41074
41075
40858
41077
40869
41078
41084
40881
40883
40894
40947
40857
40967
40975
40978
40981
41000
41088
41089
41097
41099
41100
41102
40968
40982
40984
40985
40941
41111
41112
41113
41114
41117
41119
41120
41122
41128
41124
41130
41133
41144
41145
41148
41150
41151
41173
41175
41180
41202
41197
41208
41211
41216
41218
41221
41245
41247
41249
41251
41257
40915
40865
40934
40946
40949
40950
41106
41107
41108
41110
41116
41118
41132
41134
41135
41137
41138
41139
41141
41142
41143
41147
41149
41152
41172
41174
41178
41186
41187
41203
41204
41205
41206
41207
41209
41214
41213
41212
41210
41215
41217
41220
41222
41225
41246
41252
41254
41255
41256
41253
41131
41136
41250
41260
41261
41295
41380
41383
41386
41432
41445
41454
41470
41479
41258
41259
41265
41267
41268
41276
41282
41287
41288
41291
41292
41294
41373
41388
41385
41374
41469
41467
41465
41464
41428
41473
41474
41477
41482
41430
41433
41435
41434
41442
41447
41450
41451
41453
41455
41456
41458
41274
41376
41378
41379
41425
41452
41457
41466
41471
41472
41475
41264
41280
41290
41293
41384
41426
41427
41440
41273
41275
41429
41441
41444
41461
41489
41490
41492
41494
41495
41496
41499
41509
41511
41528
41530
41541
41542
41543
41544
41545
41548
41565
41570
41571
41572
41573
41574
41575
41576
41577
41578
41579
41580
41581
41582
41584
41585
41586
41583
41590
41606
41624
41628
41491
41493
41546
41605
41607
41629
41632
41483
41484
41508
41488
41510
41531
41564
41566
41598
41592
41630
41627
41609
41485
41486
41487
41860
41862
41863
41864
41871
41887
41885
41884
41880
41873
41874
41889
41888
41896
41877
41897
41898
41878
41879
41917
41918
41919
41920
41980
41936
41985
41989
42006
42007
42009
42010
42011
42012
42013
42014
42015
41938
41941
41942
41956
41976
42017
42016
42027
42028
41977
42029
42030
41978
41979
42038
42040
42041
42031
42032
42034
42043
42044
42037
42045
42055
42056
42059
42057
41872
41886
41876
42033
42039
42058
41834
41833
41836
41835
41831
41832
42076
42077
42080
42101
42102
42104
42117
42118
42119
42120
42121
42122
42123
42124
42125
42132
42133
42135
42137
42138
42144
42146
42147
42149
42150
42151
42153
42155
42156
42157
42173
42182
42183
42184
42185
42186
42187
42188
42193
42221
42234
42236
42237
42239
42241
42242
42243
42245
42246
42247
42248
42249
42250
42254
42253
42252
42251
42255
42256
42257
42258
42259
42260
42261
42263
42264
42265
42266
42267
42269
42270
42271
42272
42273
42075
42103
42134
42145
42154
42158
42262
42268
42274
42276
42277
42278
42279
42280
42281
42282
42320
42321
42322
42323
42346
42347
42348
42349
42350
42351
42387
42386
42385
42384
42352
42374
42381
42388
42390
42399
42401
42382
42383
42402
42403
42404
42420
42421
42422
42423
42425
42424
42426
42427
42428
42429
42432
42433
42434
42436
42437
42438
42439
42442
42443
42444
42448
42457
42459
42481
42482
42483
42485
42486
42496
42500
42502
42503
42504
42505
42506
42507
42512
42513
42514
42545
42546
42547
42551
42552
42553
42554
42555
42556
42557
42558
42559
42389
42395
42397
42398
42400
42445
42460
42480
42484
42495
42501
42550
42446
42447
