30406
30424
30324
30428
30597
30616
30422
30403
30452
30600
30581
30327
30401
30323
30329
30482
30409
30389
30596
30591
30437
30386
30446
30495
30607
30390
30383
30352
30284
30633
30579
30622
30286
30388
30330
30641
30642
30468
30298
30621
30411
30407
30590
30589
30322
30582
30493
30481
30459
30442
30602
30405
30490
30281
30420
30282
30404
30402
30470
30480
30351
30453
30614
30447
30462
30477
30381
30346
30598
30347
30429
30610
30567
30432
30499
30385
30277
30730
30578
30421
30344
30450
30320
30355
30593
30637
30586
30592
30451
30433
30436
30571
30471
30276
30343
30331
30441
30469
30587
30460
30494
30620
30608
30299
30655
30611
30489
30361
30463
30408
30280
30384
30577
30449
30332
30485
30496
30274
30570
30448
30380
30568
30467
30575
30474
30486
30487
30484
30387
30321
30410
30434
30461
30466
30300
30497
30464
30349
30488
30431
30465
30285
30279
30455
30678
30595
30345
30732
30626
30733
30624
30618
30580
30612
30672
30350
30283
30454
30636
30737
30738
30656
30736
30739
30473
30734
30735
30326
30623
30643
30701
30629
30666
30687
30625
30695
30675
30698
30674
30639
30679
30660
30696
30632
30699
30635
30788
30634
30745
30688
30630
30744
30658
30651
30690
30648
30740
30697
30673
30694
30780
30783
30787
30680
30770
30741
30784
30785
30654
30657
30652
30677
30676
30779
30742
30638
30649
30668
30778
30769
30749
30731
30650
30659
30667
30693
30653
30686
30754
30684
30743
30627
30682
31049
30982
31053
31050
30981
30980
31057
31054
31051
31052
31055
31056
30840
31046
30823
30811
30830
31005
31036
30859
30998
30920
31018
30827
30947
30999
31031
30810
30855
30930
30824
30822
31032
30903
30959
30857
31034
30841
30992
30993
30816
30858
30923
30815
30893
30818
30900
30812
30847
30833
30842
30835
30896
30821
30995
30836
30843
30808
30844
30813
30895
30965
30888
30964
30966
31023
30839
30954
30856
30829
30996
30902
30826
30809
30924
30834
31029
30927
30848
30838
30898
30958
30891
31000
31003
30928
30957
30955
30994
30961
30953
31004
30963
30890
30889
30929
31001
30956
31002
30899
30962
30952
30951
30926
30348
